
14229593
14229593
10952793
14536793
10952793
8853593
15151193
10952793
8853593
7496793
15355993
11157593
8853593
7496793
6658393
15765593
11259993
8904793
7496793
6658393
6146393
19759193
11311193
8930393
7509593
6658393
6146393
5827993
463253593
12847193
8930393
7535193
6658393
6146393
5827993
5419993
154722393
9672793
7535193
6664793
6146393
5827993
5419993
4872393
22372293
22372293
19192693
22372293
19192693
17083493
22372293
19192693
17083493
15707593
22372293
19192693
17083493
15707593
14831193
22372293
19192693
17083493
15707593
14831193
14243493
24829593
19192693
17083493
15707593
14831193
14243493
13774493
298768493
19653193
17083493
15707593
14831193
14243493
13774493
13091993
108388993
17287993
15707593
14831193
14243493
13774493
13091993
12075193
19401059
19401059
16175399
19401059
16175399
14127074
19401059
16175399
14127074
12859203
19401059
16175399
14127074
12859203
12052015
19401059
16175399
14127074
12859203
12052015
11567444
21756253
16175399
14127074
12859203
12052015
11567444
11257722
182112226
16636193
14127074
12859203
12052015
11567444
11257722
10156115
75361233
14280672
12859203
12052015
11567444
11257722
10156115
9539218
14946393
14946393
10952793
14946393
10952793
8853593
15867993
10952793
8853593
7496793
16072793
11311193
8853593
7496793
6658393
16994393
11413593
8879193
7496793
6658393
6146393
21499993
11515993
8981593
7509593
6658393
6146393
5827993
463253593
13256793
8955993
7560793
6658393
6146393
5827993
5419993
154722393
9877593
7547993
6664793
6146393
5827993
5419993
4872393
22576993
22576993
19192693
22576993
19192693
17083493
22884093
19192693
17083493
15707593
22781793
19294993
17083493
15707593
14831193
23293693
19294993
17083493
15707593
14831193
14243493
26058293
19346093
17108993
15707593
14831193
14243493
13774493
298768493
19960493
17083493
15720293
14831193
14243493
13774493
13091993
108388993
17441693
15707593
14831193
14243493
13774493
13091993
12075193
19401059
19401059
16175399
19401059
16175399
14127074
19708257
16175399
14127074
12859203
19708257
16226599
14127074
12859203
12052015
20117850
16277797
14127074
12859203
12052015
11567444
22780255
16277790
14127074
12859203
12052015
11567444
11257722
182112226
16943396
14127074
12859203
12052015
11567444
11257722
10156115
75361233
14459870
12859203
12052015
11567444
11257722
10156115
9539218
